examples/out.json
{"header": {"discipline":0,"disciplineName":"Meteorological products","gribEdition":2,"gribLength":77171,"center":7,"centerName":"US National Weather Service - NCEP(WMC)","subcenter":0,"refTime":"2016-04-06T12:00:00.000Z","significanceOfRT":1,"significanceOfRTName":"Start of forecast","productStatus":0,"productStatusName":"Operational products","productType":1,"productTypeName":"Forecast products","productDefinitionTemplate":0,"productDefinitionTemplateName":"Analysis/forecast at horizontal level/layer at a point in time","parameterCategory":2,"parameterCategoryName":"Momentum","parameterNumber":2,"parameterNumberName":"U-component_of_wind","parameterUnit":"m.s-1","genProcessType":2,"genProcessTypeName":"Forecast","forecastTime":0,"surface1Type":103,"surface1TypeName":"Specified height level above ground","surface1Value":10.0,"surface2Type":255,"surface2TypeName":"Missing","surface2Value":0.0,"gridDefinitionTemplate":0,"gridDefinitionTemplateName":"Latitude_Longitude","numberPoints":65160,"shape":6,"shapeName":"Earth spherical with radius of 6,371,229.0 m","gridUnits":"degrees","resolution":48,"winds":"true","scanMode":0,"nx":360,"ny":181,"basicAngle":0,"subDivisions":0,"lo1":0.0,"la1":90.0,"lo2":359.0,"la2":-90.0,"dx":1.0,"dy":1.0}, "data":
[rows 70 to 104 of 181, columns 240 to 319 of 360]
-7.4,-6.01,-0.74,-0.48,-0.84,-2.0,-2.87,-1.57,-0.64,-0.33,-3.07,-3.27,-2.99,-1.51,0.0,-1.3,-0.31,0.88,1.06,0.11,1.69,-0.44,1.23,0.37,-4.47,-5.58,-5.8,-6.68,-8.6,-8.78,-2.15,-1.36,-0.9,-5.82,-6.49,-6.49,-7.68,-8.72,-9.76,-9.87,-9.47,-8.62,-9.23,-1.48,-0.65,-1.73,-3.62,-3.55,0.4,1.47,0.06,-0.29,-0.18,-0.73,-0.74,-0.97,-1.56,-2.25,-2.65,-1.35,-2.81,-2.13,-2.87,-7.19,-7.01,-7.0,-6.09,-5.73,-5.95,-7.47,-8.03,-8.07,-8.1,-8.52,-9.96,-9.5,-9.23,-9.08,-8.93,-8.67
-8.16,-0.41,-2.78,-2.41,-2.51,-3.36,-3.05,-1.32,-0.75,-1.84,-4.18,-4.92,-3.83,-1.07,2.56,2.55,-0.49,0.0,-0.55,0.78,0.31,-0.31,-0.95,-0.04,0.68,-6.1,-4.71,-4.98,-6.12,-2.19,-1.5,-0.15,0.55,-5.12,-6.29,-6.57,-7.22,-8.11,-9.19,-9.75,-8.39,-7.52,-5.55,-7.56,-5.53,-4.56,-2.56,-1.37,-0.48,-0.16,0.74,1.73,0.11,-0.25,0.34,-0.86,-2.07,-3.35,-3.33,-1.74,-3.1,-3.0,-3.72,-6.45,-7.4,-7.3,-6.38,-6.04,-5.65,-6.87,-7.89,-8.23,-7.79,-8.01,-8.11,-8.18,-8.85,-8.73,-8.21,-8.39
-7.69,-4.32,-4.08,-3.29,-3.84,-3.9,-3.48,-1.56,-2.29,-2.47,-4.56,-4.62,-3.19,-1.02,1.54,4.46,4.6,-2.46,-0.71,1.15,0.35,-0.01,-1.85,-0.84,0.17,0.11,-0.89,0.87,1.14,-0.52,-1.04,-0.23,-3.15,-5.33,-6.15,-7.19,-6.88,-6.9,-7.55,-7.97,-6.92,-5.06,-2.25,-0.24,-1.72,-2.34,-1.03,-1.34,-1.34,0.03,-0.12,-1.02,-2.23,-1.14,-0.2,-0.75,-0.76,-3.02,-4.7,-2.74,-3.98,-3.41,-3.45,-4.94,-8.77,-7.35,-6.62,-6.19,-6.28,-6.73,-7.09,-8.23,-7.69,-6.6,-6.69,-6.43,-8.18,-8.18,-7.96,-7.91
-8.51,-7.74,-6.8,-5.13,-4.64,-4.57,-3.76,-3.19,-2.89,-3.79,-3.94,-3.8,-2.91,-1.27,0.26,0.89,1.71,1.83,-0.19,-1.54,-0.64,-0.69,-1.17,0.47,0.36,0.32,0.2,-0.55,0.1,0.01,-0.57,-0.94,-3.21,-5.46,-7.64,-6.63,-6.03,-6.03,-5.96,-5.25,-4.47,-3.2,-3.59,-3.31,-3.61,-3.35,-3.19,-2.37,-2.12,-2.62,-2.42,-2.93,-4.51,-3.68,-3.14,-2.4,-0.26,0.94,-2.21,-3.45,-2.52,-5.08,-4.37,-5.55,-6.73,-7.24,-6.8,-6.23,-6.2,-6.29,-6.71,-7.31,-7.15,-6.99,-6.48,-6.6,-7.14,-7.7,-7.14,-8.05
-9.69,-9.36,-7.12,-6.6,-5.28,-5.13,-4.16,-4.0,-4.14,-4.12,-4.08,-3.58,-3.26,-2.19,-1.48,-1.52,-0.95,-0.32,-0.26,1.26,1.5,1.23,1.6,-0.25,0.8,0.87,-0.62,-0.29,0.03,0.18,0.7,0.37,-3.29,-2.55,-0.26,1.05,-3.64,-5.04,-4.65,-3.61,-3.24,-3.64,-4.37,-4.65,-4.92,-4.91,-4.64,-3.54,-3.76,-3.82,-3.92,-3.3,-5.13,-4.33,-4.82,-4.14,-3.81,-2.74,-1.94,-2.6,-5.27,-5.5,-5.44,-6.01,-6.75,-7.24,-7.02,-6.17,-6.06,-6.13,-6.26,-6.31,-6.37,-6.51,-6.63,-6.92,-7.81,-7.73,-7.28,-7.08
-10.32,-8.95,-7.59,-6.89,-5.93,-5.52,-5.3,-4.74,-4.5,-4.46,-4.84,-3.66,-4.61,-4.0,-3.38,-2.8,-2.43,-1.49,-0.41,0.43,1.07,1.82,3.79,5.22,-2.04,-0.98,2.44,0.13,-2.0,0.38,-0.97,-0.09,0.34,0.04,-0.16,0.48,1.03,-3.37,-4.34,-4.1,-4.06,-4.6,-4.99,-5.73,-5.8,-5.23,-5.26,-5.14,-5.43,-5.89,-4.96,-4.47,-5.64,-5.74,-5.39,-5.39,-4.47,-3.98,-3.36,-3.67,-5.43,-5.87,-5.74,-6.01,-6.86,-7.69,-7.0,-6.6,-6.39,-6.37,-6.86,-6.78,-6.83,-6.72,-6.34,-6.2,-6.8,-7.26,-7.39,-7.29
-9.67,-8.82,-8.28,-6.74,-6.07,-5.37,-5.93,-5.21,-5.0,-5.1,-5.83,-4.55,-5.7,-5.9,-5.07,-3.84,-3.23,-1.59,-1.55,-2.64,-0.84,-0.18,-1.6,-1.79,-3.9,-1.08,1.99,2.01,1.02,0.61,-2.33,0.72,-0.62,-1.32,0.08,0.41,0.35,-1.89,-5.04,-4.62,-4.71,-5.21,-5.95,-6.3,-6.14,-6.41,-6.58,-6.51,-6.74,-6.49,-5.99,-5.91,-6.3,-6.55,-6.6,-6.33,-6.14,-5.58,-5.44,-4.61,-5.28,-5.72,-5.97,-6.71,-6.85,-7.19,-7.06,-7.07,-6.59,-6.3,-6.13,-6.38,-6.83,-6.89,-6.39,-5.82,-6.08,-6.3,-6.72,-6.75
-9.2,-7.99,-7.06,-5.99,-6.64,-6.25,-6.29,-6.58,-6.15,-6.27,-6.38,-6.33,-7.11,-7.3,-5.83,-5.35,-3.87,-4.06,-5.4,-5.52,-4.5,-4.02,-5.1,-5.94,-4.4,-1.48,0.68,1.32,0.91,-2.29,-3.0,-3.48,-4.29,-0.66,-1.88,0.23,0.35,-5.54,-5.0,-4.78,-4.94,-5.45,-6.18,-6.57,-7.37,-7.84,-7.4,-7.23,-7.34,-7.06,-6.72,-6.62,-7.13,-7.57,-7.64,-7.44,-6.78,-6.13,-5.71,-5.34,-5.23,-5.8,-5.91,-7.35,-6.96,-6.88,-6.8,-6.35,-6.45,-6.43,-6.16,-6.47,-6.83,-6.8,-6.42,-6.09,-6.02,-6.09,-6.3,-5.91
-8.45,-6.71,-6.16,-7.48,-7.13,-7.34,-7.31,-7.4,-7.23,-6.88,-7.44,-8.08,-8.14,-8.18,-6.72,-6.51,-5.75,-7.59,-7.58,-5.7,-4.3,-5.19,-5.2,-4.97,-3.62,-1.75,-0.09,0.33,-2.17,-1.75,-4.95,-7.1,-7.86,-7.66,-4.89,-2.85,0.39,-6.12,-4.8,-4.51,-4.89,-5.28,-5.94,-6.82,-8.06,-8.86,-8.42,-6.61,-4.24,-7.18,-6.06,-6.66,-7.32,-8.32,-8.42,-8.0,-7.38,-6.83,-6.77,-6.48,-6.11,-6.05,-6.71,-7.44,-7.13,-7.24,-7.13,-6.82,-6.68,-6.48,-6.48,-6.48,-6.63,-6.51,-6.3,-5.94,-5.93,-5.89,-5.44,-4.88
-7.64,-6.19,-7.4,-7.42,-7.41,-7.16,-7.66,-7.83,-7.01,-7.16,-7.84,-8.79,-8.94,-8.74,-8.0,-7.96,-7.79,-7.62,-7.33,-6.23,-4.95,-5.33,-4.95,-4.32,-2.84,-0.9,-0.77,-2.12,-2.16,-7.45,-9.23,-8.57,-8.83,-10.1,-11.25,-3.22,-2.94,-6.15,-4.37,-3.98,-4.36,-4.59,-5.06,-5.87,-6.83,-7.08,-2.16,-0.1,-0.86,-2.61,-2.04,-0.77,-7.18,-8.63,-4.25,-7.58,-5.35,-4.43,-5.3,-7.06,-6.85,-6.59,-7.06,-7.35,-7.56,-7.21,-7.41,-6.99,-6.97,-6.77,-6.45,-6.36,-6.31,-6.36,-6.11,-5.74,-5.53,-5.43,-4.98,-4.78
-7.53,-7.87,-7.49,-6.75,-7.49,-7.16,-7.59,-7.38,-6.91,-7.39,-8.0,-9.01,-9.34,-8.74,-8.34,-8.22,-8.06,-7.89,-7.58,-6.94,-5.59,-5.26,-5.24,-4.9,-4.31,-3.75,-4.17,-5.5,-7.33,-10.34,-10.69,-9.13,-8.91,-7.57,-7.84,-4.13,-5.6,1.04,0.28,-2.27,-2.34,-3.08,-3.66,-4.46,-5.07,0.11,-1.01,-0.91,1.01,-0.56,-1.06,-0.52,-0.31,-1.08,-0.64,-0.33,-2.26,-1.94,-4.91,-6.69,-6.55,-6.5,-6.59,-6.85,-7.53,-7.56,-7.39,-7.37,-7.18,-6.96,-6.76,-6.47,-6.42,-6.18,-5.7,-5.62,-5.33,-5.04,-4.74,-5.18
-8.04,-8.07,-7.38,-6.91,-7.34,-7.83,-7.31,-7.44,-6.89,-7.52,-7.63,-9.18,-9.3,-8.52,-8.5,-8.53,-8.01,-8.08,-7.78,-7.29,-6.83,-6.23,-6.01,-5.89,-6.07,-6.26,-5.9,-5.5,-6.51,-7.66,-8.58,-7.12,-6.2,-4.12,0.23,-0.96,-3.19,-2.92,1.92,5.82,1.38,-0.71,-0.51,-1.75,-0.74,-0.13,0.5,0.94,0.54,1.2,0.73,-0.64,-2.18,-3.94,-3.73,-3.78,-4.86,-3.84,-2.35,-2.11,-6.48,-6.46,-6.37,-6.66,-7.18,-7.25,-7.29,-7.25,-7.17,-6.98,-6.82,-6.32,-6.02,-5.72,-5.38,-5.24,-5.31,-5.03,-5.14,-4.79
-8.3,-7.65,-7.34,-7.7,-7.25,-7.45,-6.86,-7.32,-6.87,-7.43,-7.99,-8.53,-9.04,-8.2,-8.04,-7.99,-8.12,-8.01,-7.82,-7.56,-7.28,-6.75,-6.41,-6.44,-6.19,-6.02,-5.72,-5.37,-5.02,-4.25,-2.97,-1.39,0.38,1.29,1.8,0.52,-0.23,-2.36,-1.92,-2.19,-0.8,-0.38,-0.47,0.31,-0.1,-0.26,-0.32,-0.77,-0.42,0.15,0.52,-0.44,-1.62,-4.5,-5.95,-5.4,-3.92,-2.8,-1.96,-1.98,-2.03,-5.17,-6.03,-6.58,-7.06,-6.77,-6.36,-6.76,-6.82,-6.66,-6.74,-6.45,-5.57,-5.38,-5.34,-5.24,-5.22,-5.44,-5.23,-4.91
-7.83,-8.0,-7.55,-8.0,-7.25,-6.99,-6.64,-7.59,-7.42,-7.51,-8.0,-8.16,-8.3,-8.0,-7.01,-6.7,-6.78,-7.14,-7.18,-6.89,-6.49,-6.45,-6.19,-6.04,-5.91,-5.84,-5.46,-4.93,-4.21,-3.42,-2.49,-1.32,-0.99,-0.22,-1.68,-2.86,-2.59,-3.2,-5.39,-2.06,-3.3,-1.79,-0.59,-0.14,-1.66,0.46,0.91,-0.03,1.16,1.65,-0.04,0.46,-0.65,-1.69,-1.42,-0.64,-1.6,-2.94,-2.78,-1.75,-1.47,-1.74,-5.52,-6.11,-6.56,-6.65,-6.36,-6.21,-6.28,-6.41,-6.64,-6.56,-5.58,-5.36,-5.31,-5.12,-5.09,-5.02,-5.06,-4.74
-8.05,-8.04,-8.49,-7.63,-6.99,-6.68,-6.74,-6.92,-7.71,-7.82,-7.45,-8.06,-7.85,-7.25,-6.1,-5.93,-5.95,-5.64,-5.77,-5.97,-5.52,-5.76,-5.32,-5.93,-5.72,-5.82,-4.76,-4.12,-4.21,-3.15,-3.0,-3.11,-3.08,-3.66,-4.47,-4.01,-3.37,-3.15,-4.66,-6.08,-3.73,-1.57,-0.83,0.02,0.26,0.48,-0.4,-0.56,0.3,0.8,0.61,0.72,0.65,-1.07,-0.17,-0.72,-0.82,-0.79,-0.6,-1.46,-1.53,-1.08,-1.82,-3.96,-4.92,-4.5,-6.13,-5.66,-5.66,-5.85,-6.28,-6.23,-6.06,-5.28,-5.26,-5.47,-5.01,-5.08,-4.98,-4.81
-7.19,-7.72,-6.96,-6.83,-6.19,-5.22,-6.92,-6.48,-7.06,-7.84,-7.83,-7.49,-7.04,-6.58,-5.79,-5.38,-5.43,-5.0,-4.92,-5.11,-4.48,-5.75,-4.66,-5.47,-4.33,-3.06,-2.95,-3.05,-3.42,-3.28,-3.53,-4.1,-4.95,-5.35,-5.29,-5.08,-4.84,-5.51,-5.83,-5.5,-3.2,-1.24,-2.42,-0.52,1.18,0.15,-0.47,0.43,0.08,-0.12,-0.53,-0.22,-0.13,-1.07,-0.17,-0.85,0.54,-0.11,0.21,0.9,-1.71,-0.89,-1.16,-1.91,-1.83,-2.29,-1.79,-1.56,-4.9,-5.35,-5.9,-6.07,-5.86,-5.52,-5.15,-5.41,-5.51,-5.26,-4.68,-3.83
-6.17,-6.65,-6.35,-6.49,-6.42,-5.81,-5.69,-6.27,-6.36,-7.05,-7.36,-7.18,-6.47,-6.05,-4.87,-4.78,-4.71,-4.12,-4.71,-4.79,-4.18,-4.09,-2.72,-1.37,-1.28,-2.97,-3.74,-3.45,-3.88,-3.86,-4.6,-5.08,-5.5,-6.02,-5.68,-5.86,-5.98,-6.65,-6.38,-4.77,-2.59,0.51,2.26,0.35,-1.37,-0.11,-0.46,0.77,-0.07,-0.99,-0.5,-0.42,-0.71,-1.07,-0.44,-0.53,-0.23,-0.25,0.48,0.39,-1.43,-1.63,-1.03,-1.66,-1.31,-1.42,-1.17,-1.29,-1.24,-3.95,-5.52,-5.75,-5.59,-5.28,-5.29,-5.54,-5.18,-4.21,-3.77,-3.28
-5.24,-5.76,-5.8,-6.04,-5.74,-4.9,-4.78,-5.86,-5.43,-6.15,-5.88,-5.83,-6.12,-5.34,-4.21,-4.2,-4.5,-4.36,-3.87,-4.93,-4.17,-3.37,-3.2,-2.96,-2.6,-3.48,-4.08,-4.3,-4.02,-4.05,-4.57,-5.59,-5.58,-5.53,-5.67,-5.69,-5.88,-6.32,-5.59,-3.59,-1.13,0.29,1.42,1.12,-0.64,-0.21,-0.28,0.49,-0.01,0.7,0.13,-0.25,-0.74,-0.94,-1.28,-0.14,-1.85,-0.56,-0.35,-2.03,-2.57,-1.77,-1.16,-1.56,-1.15,-1.17,-0.56,-1.26,-0.36,-1.61,-5.27,-5.08,-4.82,-4.77,-5.17,-5.13,-4.13,-3.85,-3.34,-3.06
-4.84,-5.83,-5.36,-5.22,-4.89,-4.75,-5.11,-5.03,-4.83,-5.43,-5.29,-5.28,-5.62,-5.15,-4.31,-4.07,-4.54,-4.83,-5.11,-5.4,-4.59,-4.0,-4.13,-3.79,-3.35,-3.39,-3.98,-4.25,-4.64,-4.25,-4.67,-5.27,-4.86,-5.17,-4.76,-4.49,-3.96,-2.43,-1.08,-0.35,1.31,-2.43,0.29,-0.23,1.53,0.17,0.94,0.43,0.04,1.05,0.78,-0.52,-0.64,-1.02,-0.21,-1.1,-0.68,-1.07,-0.59,-0.41,-1.48,-1.15,-0.92,-0.92,-1.64,-1.12,-0.52,-0.82,-0.8,-0.85,-3.81,-4.2,-4.05,-4.39,-4.71,-4.76,-3.56,-3.63,-3.34,-2.98
-4.85,-4.88,-5.26,-5.09,-4.92,-4.99,-5.01,-5.18,-4.53,-4.39,-4.94,-5.42,-5.13,-5.06,-4.36,-4.54,-4.74,-4.63,-4.68,-4.84,-4.86,-4.0,-3.92,-3.9,-3.52,-3.26,-2.84,-3.95,-4.93,-4.54,-4.7,-4.68,-4.12,-3.74,-2.9,-2.22,-1.01,0.67,1.73,1.82,2.32,-0.49,-1.44,0.76,1.34,1.14,0.4,0.43,0.34,0.78,0.62,-0.37,-0.97,-1.0,-1.35,-1.06,-0.23,-0.59,-1.19,-0.91,-0.32,-1.08,-0.83,-0.63,-0.77,-1.02,-1.05,-1.27,-0.47,-0.89,-1.97,-3.89,-3.65,-3.92,-4.06,-4.08,-3.81,-3.59,-3.44,-3.5
-4.8,-4.72,-4.86,-4.77,-5.15,-5.31,-5.29,-5.19,-5.01,-4.11,-4.57,-4.82,-4.59,-4.74,-4.25,-4.84,-4.92,-4.74,-4.88,-4.42,-4.56,-4.37,-4.12,-4.26,-3.91,-3.98,-2.89,-1.52,-1.96,-3.45,-4.2,-4.47,-4.02,-3.44,-2.79,-2.29,-0.67,0.58,2.03,3.19,0.6,0.76,-1.15,0.79,1.28,1.21,0.47,0.41,0.51,0.55,0.82,-1.05,-0.75,-1.1,-0.39,-1.68,-0.65,-1.04,-1.08,-1.21,-0.63,-0.51,-1.2,-0.84,-0.73,-1.03,-1.23,-0.86,-0.61,-1.22,-1.44,-2.91,-3.3,-3.46,-3.66,-4.19,-4.52,-3.89,-3.56,-3.62
-4.82,-4.43,-4.46,-4.63,-5.46,-5.37,-5.59,-5.61,-5.4,-5.48,-5.71,-5.27,-4.45,-4.73,-4.91,-5.16,-5.19,-5.41,-4.99,-4.56,-4.88,-4.75,-4.61,-4.67,-4.47,-4.33,-3.92,-3.77,-0.93,-2.39,-3.84,-4.32,-4.24,-3.75,-2.82,-2.74,-1.34,0.35,1.76,2.46,0.38,-1.39,1.04,0.88,1.18,0.99,0.37,0.37,0.29,0.41,0.0,-0.7,-0.83,-0.89,-0.47,-0.85,-1.04,-1.0,-1.28,-0.96,-0.44,-0.33,-0.93,-0.64,-0.81,-1.36,-1.35,-1.08,-0.96,-0.26,-0.5,-0.83,-1.45,-1.1,-1.39,-3.69,-4.51,-4.12,-3.22,-3.33
-5.25,-4.91,-4.75,-5.05,-5.23,-5.82,-6.68,-6.15,-5.91,-6.33,-6.13,-5.97,-5.65,-5.26,-5.44,-5.42,-5.68,-6.05,-5.23,-5.81,-6.16,-5.84,-5.64,-5.06,-4.71,-4.83,-4.74,-4.87,-3.84,-4.41,-5.16,-4.8,-4.24,-4.03,-2.85,-2.22,-1.97,-0.18,1.59,2.99,0.54,-0.79,1.82,0.89,1.21,0.68,0.36,0.25,0.29,0.29,0.05,-0.66,-0.99,-0.44,-1.01,-0.97,-0.78,-0.74,-1.11,-1.0,-0.81,-0.56,-0.62,-0.2,0.33,-2.36,-2.2,-1.44,-1.4,-0.05,-0.07,-1.18,-1.41,-0.51,0.03,-0.55,-3.96,-4.14,-3.24,-3.15
-5.55,-5.61,-5.63,-5.96,-6.0,-7.22,-7.77,-7.51,-7.22,-6.91,-7.42,-6.52,-6.62,-6.68,-5.96,-6.11,-5.67,-6.54,-6.18,-6.56,-6.44,-5.78,-6.23,-5.65,-4.95,-4.47,-4.73,-4.73,-5.08,-4.5,-5.84,-5.13,-3.98,-3.92,-2.83,-2.38,-2.18,-0.78,1.19,3.39,1.2,-1.07,1.54,0.94,-0.05,0.28,0.45,0.46,0.39,0.29,0.73,-0.11,-1.08,-0.7,-1.19,-0.71,-0.57,-0.69,-0.79,-0.86,-0.71,-0.47,-0.44,-0.01,-0.31,-1.29,-1.42,-1.7,-1.07,-0.39,0.5,-0.66,-0.84,-0.73,-0.82,-0.01,-1.0,-2.25,-4.03,-4.01
-5.96,-6.43,-6.78,-6.86,-7.71,-8.08,-8.34,-8.6,-8.69,-8.44,-7.76,-7.84,-7.52,-7.73,-6.84,-6.12,-5.9,-6.47,-7.34,-6.82,-6.67,-6.49,-6.03,-5.25,-5.07,-5.36,-5.52,-4.84,-4.06,-4.03,-4.61,-4.99,-3.94,-3.39,-2.38,-1.88,-2.46,-1.85,-0.52,0.48,-0.08,-0.41,1.32,1.01,0.4,0.29,0.3,0.1,0.27,-0.05,0.9,0.26,-0.87,-1.0,-1.08,-0.73,-0.48,-0.03,-0.45,-0.63,-0.7,-0.58,-0.63,-0.22,-0.35,-1.23,-1.05,-1.06,-1.17,-0.5,0.84,0.21,-0.24,-0.4,-0.72,-0.79,-1.63,-2.04,-1.83,-5.81
-6.85,-8.06,-7.87,-7.89,-8.55,-8.4,-8.86,-8.36,-9.68,-9.3,-9.17,-8.36,-8.12,-7.67,-7.53,-7.03,-6.79,-7.37,-7.14,-7.4,-7.36,-6.83,-6.27,-6.22,-6.04,-6.11,-5.65,-5.02,-4.77,-4.96,-5.06,-4.98,-4.36,-3.62,-1.77,-1.4,-1.95,-2.18,-1.2,0.11,-0.83,1.62,0.02,0.61,0.11,0.45,0.39,0.16,-0.27,-0.21,0.64,0.59,-0.28,-0.78,-0.65,-0.52,-0.21,0.35,-0.15,-0.44,-0.5,-0.7,-0.64,-0.3,-0.61,-1.02,-0.93,-0.56,-1.17,-0.43,0.58,0.49,-0.31,-0.27,-0.57,-0.99,-0.27,-1.49,-2.78,-5.16
-8.19,-9.02,-9.4,-9.29,-9.05,-8.97,-8.62,-8.61,-9.27,-9.57,-9.02,-8.6,-8.05,-8.29,-8.14,-7.82,-7.64,-7.51,-7.17,-7.3,-7.38,-6.88,-6.81,-6.49,-6.41,-6.5,-6.18,-5.5,-5.31,-5.2,-5.39,-5.1,-4.69,-4.08,-2.96,-1.76,-1.57,-1.69,-1.3,-0.25,2.12,0.39,0.2,0.55,0.43,0.57,0.37,-0.25,-0.37,0.09,0.46,0.63,0.21,-0.49,-0.59,-0.44,0.06,0.24,0.3,-0.13,-0.11,-0.19,-0.32,-0.25,-0.6,-0.63,-0.41,-0.94,-0.65,-0.09,-0.01,0.29,0.05,-0.15,0.14,-0.39,0.92,-1.29,-0.79,-6.26
-8.79,-9.47,-9.72,-9.83,-9.19,-9.21,-8.74,-8.7,-8.63,-8.78,-8.69,-8.43,-8.21,-8.07,-7.82,-7.76,-7.59,-7.68,-7.04,-6.73,-6.5,-6.76,-6.91,-6.97,-6.64,-6.54,-6.32,-5.95,-5.5,-5.37,-5.36,-5.34,-5.26,-4.26,-3.34,-2.46,-1.74,-1.08,-1.35,-0.27,-0.02,-2.06,-0.61,0.62,0.52,0.4,0.01,0.08,0.15,0.19,0.34,0.59,-0.45,-0.5,-0.54,-0.08,0.35,0.49,0.36,0.09,0.14,0.12,-0.28,-0.25,-0.28,-0.05,-0.29,-0.45,-0.17,-0.08,0.4,-0.05,-0.03,-0.5,-1.66,-1.41,-3.59,-4.69,-5.47,-5.9
-8.81,-9.57,-9.96,-9.44,-9.07,-9.13,-9.06,-9.29,-9.33,-8.64,-8.17,-8.3,-8.01,-7.91,-7.66,-7.46,-7.39,-7.12,-6.94,-6.71,-6.23,-6.56,-6.71,-7.01,-6.77,-6.63,-6.22,-6.05,-5.82,-6.07,-5.83,-5.57,-5.52,-4.7,-4.21,-3.88,-2.49,-2.07,-2.04,-0.67,-0.24,0.14,-2.76,1.42,0.64,0.41,0.15,0.1,0.34,0.3,0.31,-0.04,-0.01,-0.25,-0.34,0.07,0.54,0.49,0.3,0.31,0.17,-0.17,-0.06,-0.77,-0.45,-0.39,-0.3,-0.32,0.12,0.08,0.01,0.62,0.45,-1.24,-2.98,-3.8,-3.99,-6.3,-6.91,-7.35
-8.74,-8.91,-9.2,-9.1,-8.8,-9.31,-9.41,-9.81,-9.81,-9.2,-8.76,-7.99,-7.99,-7.83,-7.69,-7.25,-7.02,-6.46,-6.97,-6.64,-6.34,-6.32,-6.39,-6.57,-6.69,-6.69,-5.84,-5.16,-5.63,-5.89,-5.54,-5.69,-5.74,-4.83,-4.75,-4.87,-4.19,-3.12,-2.98,-1.45,-1.26,-1.85,-0.49,0.27,-0.31,0.5,-0.04,-0.17,0.06,0.08,0.06,0.21,0.22,0.29,-0.23,0.23,0.49,0.67,0.46,-0.04,-0.44,-0.58,-0.67,-0.19,-0.3,-0.52,-0.48,0.09,0.45,0.32,0.54,0.73,-0.22,-2.03,-2.78,-4.29,-3.98,-6.42,-5.99,-6.54
-7.85,-8.28,-8.63,-8.64,-8.71,-9.57,-9.68,-9.88,-9.74,-9.39,-8.77,-8.27,-8.18,-7.8,-7.54,-7.32,-7.2,-7.32,-6.43,-6.75,-6.13,-5.7,-6.36,-6.07,-5.92,-6.09,-6.2,-5.5,-5.48,-5.71,-5.66,-6.11,-5.57,-4.86,-5.16,-5.46,-5.31,-4.31,-3.36,-2.41,-2.66,-2.65,0.65,-3.48,-0.33,-0.31,-0.14,0.11,0.21,0.29,-0.71,-0.12,0.55,-0.15,0.03,-0.06,0.24,0.41,0.15,-0.28,-0.14,-0.71,-0.66,-0.61,-1.0,-0.62,-0.54,0.21,-0.02,0.29,0.71,0.49,-0.76,-3.76,-5.29,-3.83,-5.88,-6.27,-4.0,-6.34
-7.57,-7.94,-8.65,-8.75,-9.1,-9.97,-10.33,-10.35,-10.07,-9.49,-9.03,-8.71,-8.36,-8.06,-7.94,-7.63,-7.54,-7.47,-6.98,-6.57,-6.79,-6.74,-5.75,-5.86,-5.93,-5.81,-5.38,-5.62,-6.11,-6.1,-6.15,-6.22,-5.13,-5.36,-5.39,-5.96,-5.65,-5.19,-4.17,-3.24,-3.15,-3.04,-1.9,-2.44,-1.31,0.06,1.24,0.18,0.18,0.19,0.07,0.22,0.79,0.05,-0.39,-0.04,0.06,0.16,0.07,-0.07,-0.37,-0.61,-0.61,-0.72,-0.77,-0.95,-0.7,-0.03,-0.06,-0.19,-0.32,-1.15,-2.07,-3.56,-4.19,-2.26,-3.08,-6.51,-6.77,-5.33
-7.94,-8.31,-8.85,-9.35,-9.81,-10.44,-10.8,-10.53,-10.32,-9.95,-9.43,-9.19,-8.97,-8.67,-8.42,-8.14,-7.99,-7.92,-7.76,-7.68,-7.36,-7.06,-6.85,-6.24,-5.93,-5.72,-5.31,-5.74,-5.69,-5.66,-5.9,-5.86,-5.42,-5.62,-5.85,-6.1,-5.75,-5.39,-4.87,-4.48,-3.38,-3.24,-2.59,-0.71,-1.97,-1.44,0.4,0.48,-0.97,0.07,0.08,0.5,0.6,0.22,0.23,0.31,0.25,0.13,-0.32,-0.15,-0.42,-0.4,-0.41,-0.42,-0.65,-1.19,-0.71,-0.36,-0.42,-1.16,-1.79,-2.57,-3.6,-2.62,-4.48,-2.76,-3.25,-4.17,-5.44,-2.83
-8.48,-8.67,-9.24,-9.83,-10.45,-10.88,-10.89,-10.61,-10.42,-9.94,-9.36,-8.82,-8.48,-8.29,-8.21,-8.11,-8.07,-7.89,-7.65,-7.61,-7.53,-7.4,-7.04,-6.94,-6.43,-5.96,-5.89,-5.87,-5.62,-5.82,-5.93,-5.86,-5.29,-5.56,-5.87,-5.4,-5.22,-5.11,-5.02,-4.53,-4.08,-3.81,-3.46,-1.83,0.74,-0.51,-0.49,-1.45,-1.0,0.57,0.08,0.29,0.61,0.52,0.24,0.36,0.39,0.17,-0.14,-0.26,-0.51,-0.38,-0.15,-0.07,-0.92,-0.99,-0.74,-0.73,-1.05,-0.43,-1.82,-0.85,-3.85,-3.09,-4.98,-3.47,-2.45,-3.5,-5.29,-1.86
-8.79,-9.06,-9.68,-10.45,-10.68,-10.79,-10.78,-10.65,-10.43,-9.95,-9.34,-8.77,-8.36,-7.98,-7.8,-7.74,-7.71,-7.67,-7.49,-7.27,-7.35,-7.16,-6.91,-6.89,-6.47,-6.32,-6.17,-5.89,-5.75,-5.46,-5.68,-5.69,-5.13,-5.05,-5.86,-5.24,-4.54,-4.54,-4.61,-4.34,-4.56,-4.04,-3.96,-4.1,-0.2,-2.05,-1.96,-1.16,-0.84,-1.14,0.12,1.09,1.29,0.66,0.32,0.37,0.71,0.24,-0.19,-0.55,-0.23,-0.91,-0.18,-0.1,-0.97,-1.39,-1.84,-1.93,-1.23,-1.03,-1.98,-2.67,-3.23,-1.57,-5.84,-4.56,-2.96,-3.9,-3.33,-1.28
