examples/out.json
{"header": {"discipline":0,"disciplineName":"Meteorological products","gribEdition":2,"gribLength":49728,"center":7,"centerName":"US National Weather Service - NCEP(WMC)","subcenter":0,"refTime":"2016-04-06T12:00:00.000Z","significanceOfRT":1,"significanceOfRTName":"Start of forecast","productStatus":0,"productStatusName":"Operational products","productType":1,"productTypeName":"Forecast products","productDefinitionTemplate":0,"productDefinitionTemplateName":"Analysis/forecast at horizontal level/layer at a point in time","parameterCategory":0,"parameterCategoryName":"Temperature","parameterNumber":0,"parameterNumberName":"Temperature","parameterUnit":"K","genProcessType":2,"genProcessTypeName":"Forecast","forecastTime":0,"surface1Type":1,"surface1TypeName":"Ground or water surface","surface1Value":0.0,"surface2Type":255,"surface2TypeName":"Missing","surface2Value":0.0,"gridDefinitionTemplate":0,"gridDefinitionTemplateName":"Latitude_Longitude","numberPoints":65160,"shape":6,"shapeName":"Earth spherical with radius of 6,371,229.0 m","gridUnits":"degrees","resolution":48,"winds":"true","scanMode":0,"nx":360,"ny":181,"basicAngle":0,"subDivisions":0,"lo1":0.0,"la1":90.0,"lo2":359.0,"la2":-90.0,"dx":1.0,"dy":1.0}, "data":
[rows 34 to 67 of 181, columns 77 to 153 of 360]
278.1,275.7,275.7,276.8,277.4,276.9,277.6,275.6,275.7,274.4,273.7,273.3,272.4,272.5,270.9,267.7,271.0,271.9,272.2,271.9,270.0,270.5,269.1,268.6,267.8,267.1,267.5,267.4,264.8,264.6,262.5,263.9,255.6,257.1,261.3,258.2,250.5,252.1,253.4,258.6,254.5,258.2,257.9,259.9,259.7,260.8,262.8,263.1,264.0,268.5,270.8,270.8,268.7,267.5,269.0,268.6,269.0,268.4,268.0,262.7,253.0,265.3,265.5,260.2,260.3,260.4,264.4,267.9,271.4,271.4,271.4,271.5,271.6,271.7,271.7,271.7,271.8
279.1,274.5,276.5,277.0,277.6,274.9,274.7,275.7,276.2,273.1,274.0,272.9,273.2,274.5,272.7,271.2,270.6,272.2,273.2,265.7,267.9,268.4,269.7,268.1,265.3,263.7,264.9,263.0,263.0,263.8,263.4,260.1,260.0,252.3,258.4,251.6,253.4,254.2,263.3,261.1,261.2,263.2,262.7,263.5,264.0,263.6,264.6,271.8,272.0,273.1,273.1,273.1,273.0,272.3,271.0,267.8,267.1,267.4,270.8,270.5,271.1,270.8,267.9,265.1,263.9,261.6,261.8,266.9,271.5,271.5,271.6,271.7,271.8,271.8,271.9,272.0,272.0
282.9,282.0,280.9,275.9,275.9,275.2,276.0,275.0,274.8,276.1,278.6,276.8,273.2,272.6,276.4,273.5,271.9,270.1,267.3,264.8,255.8,265.4,264.9,268.5,267.4,268.6,267.7,260.6,262.2,264.4,257.9,258.9,264.6,261.1,253.8,255.7,261.7,261.4,261.8,261.9,260.9,264.7,267.3,267.7,270.3,271.8,273.1,273.2,273.4,273.2,273.4,273.8,273.8,273.2,273.2,272.6,273.3,273.1,269.2,271.4,268.2,268.8,270.7,268.5,268.0,271.8,266.5,267.5,270.9,270.8,271.6,271.7,271.8,271.9,272.1,272.3,272.3
284.1,282.9,282.3,282.3,280.5,276.4,278.9,281.9,279.5,278.4,276.6,274.4,273.1,275.7,275.0,272.5,269.1,255.1,261.5,268.9,265.2,265.4,261.6,254.7,253.8,264.1,269.3,268.4,267.2,265.4,263.6,266.7,262.7,257.8,257.2,260.9,262.6,261.1,261.3,264.8,264.6,269.2,270.9,270.2,270.2,272.0,272.7,273.4,273.3,274.7,273.3,273.4,273.6,273.4,272.2,272.3,270.5,270.3,268.9,271.5,270.0,269.3,268.7,270.7,268.6,267.4,268.9,267.5,268.5,269.9,270.1,271.6,271.9,272.2,272.2,272.4,272.7
284.7,283.5,281.7,280.3,283.0,285.1,284.0,283.0,282.1,281.9,279.3,272.4,272.3,266.1,264.6,267.2,265.8,270.6,267.4,257.6,262.5,263.7,262.9,246.1,255.5,255.9,255.5,266.1,266.6,267.9,266.0,265.6,266.6,265.9,264.7,260.5,263.6,266.5,267.0,269.6,269.5,268.9,268.0,269.2,271.7,271.4,271.8,273.2,274.3,275.4,275.3,275.5,275.1,275.4,275.2,271.4,264.9,257.9,267.8,273.1,272.3,270.4,268.7,269.9,269.4,271.8,270.4,270.0,269.2,268.8,270.1,271.6,270.0,272.1,272.2,272.5,272.6
283.1,283.5,283.3,283.0,284.8,280.2,276.7,273.5,273.0,269.6,259.3,269.4,262.2,274.7,270.8,258.8,262.8,261.3,269.3,265.7,269.1,254.5,253.8,260.4,262.3,252.8,263.4,263.1,261.2,267.3,268.2,266.1,267.1,262.0,262.4,266.0,263.0,266.8,268.8,268.6,265.3,267.6,269.5,270.3,270.7,272.3,274.1,275.4,274.5,275.1,277.7,277.4,275.2,274.7,271.0,268.2,272.4,265.7,269.0,272.3,272.4,270.7,268.3,267.8,273.0,272.8,269.0,270.9,271.5,271.4,270.6,271.6,271.8,271.9,272.2,272.6,272.9
278.6,280.3,283.1,284.7,286.2,284.9,280.2,273.2,271.7,270.4,269.3,267.7,271.5,272.9,269.1,262.0,256.6,261.2,256.6,267.9,265.3,259.3,265.3,267.8,267.8,269.2,267.5,266.8,267.9,267.0,266.1,266.6,266.9,262.5,261.8,264.4,269.2,270.5,271.6,271.6,271.0,269.8,271.9,273.1,273.1,273.2,275.6,276.5,276.3,276.3,277.7,278.5,274.8,274.2,273.3,271.4,270.4,264.1,268.0,271.0,274.0,271.4,267.9,268.7,272.3,273.2,268.0,268.8,271.0,270.6,270.2,271.7,271.9,272.1,272.3,272.9,273.9
276.5,281.0,284.5,287.2,285.1,280.2,275.5,277.0,267.9,269.1,267.6,268.8,270.1,272.8,275.2,274.3,276.4,275.7,273.1,263.1,259.9,263.2,262.6,268.6,269.9,271.4,268.7,269.4,268.4,262.8,260.6,261.4,263.0,267.1,268.4,268.8,270.7,271.5,272.3,272.4,272.9,271.6,273.2,273.6,273.7,274.6,278.1,279.5,281.5,279.4,277.8,277.5,277.2,279.1,273.3,270.5,271.8,272.0,272.9,275.9,273.5,268.4,267.1,271.1,273.1,273.1,272.2,272.8,272.3,271.6,272.0,271.9,272.1,272.3,272.4,273.7,274.2
281.9,287.5,287.9,286.6,285.2,284.5,287.0,273.1,287.6,287.7,283.6,273.9,269.4,263.2,256.2,275.8,277.5,279.5,271.7,266.2,265.7,249.6,251.6,262.4,270.2,272.8,272.2,273.1,271.6,269.4,267.9,264.4,266.2,268.9,270.1,271.7,273.6,273.4,273.6,274.1,276.5,277.2,275.3,272.2,273.0,278.8,283.5,284.3,282.6,282.0,281.0,279.0,276.5,278.2,278.7,279.5,279.3,279.4,278.3,276.9,271.5,264.0,267.7,273.4,275.9,274.3,272.9,271.6,271.9,272.1,272.0,272.4,272.7,272.9,273.6,273.8,274.1
286.9,288.9,291.3,293.1,291.9,288.9,283.5,277.8,270.1,267.7,283.8,285.3,282.8,272.7,262.5,265.3,273.4,278.6,277.7,276.0,262.0,253.3,267.0,257.2,265.8,271.4,273.6,271.0,272.2,272.0,271.4,272.2,273.1,273.1,272.7,271.8,272.8,272.8,273.9,278.9,278.6,278.5,276.4,272.2,277.5,281.2,284.2,286.4,285.3,284.8,284.5,282.5,277.2,281.8,282.4,283.1,282.2,279.7,277.0,271.6,263.6,270.4,273.8,275.9,277.2,275.8,271.6,271.2,272.1,271.7,272.5,272.6,272.8,273.5,273.5,273.7,274.5
288.4,290.6,291.4,290.1,288.0,279.2,282.6,282.6,288.6,291.7,289.8,287.0,285.1,283.5,280.8,280.3,272.6,272.7,280.2,277.6,275.1,276.9,277.7,277.4,273.9,273.3,276.6,276.6,276.4,275.2,275.3,276.3,276.1,277.6,275.3,277.1,276.3,276.9,277.5,276.9,276.0,276.9,276.4,278.0,279.5,283.2,285.9,286.6,286.5,286.5,285.6,283.5,283.4,283.6,281.3,278.3,280.0,278.8,275.1,269.3,269.2,274.1,276.0,277.1,278.4,276.6,273.5,273.4,272.6,272.4,272.9,273.2,273.6,271.2,273.8,274.3,274.7
288.5,289.6,275.0,263.5,283.8,290.3,289.2,293.5,292.8,292.9,291.5,289.3,288.2,285.6,281.5,281.5,279.7,277.6,268.3,283.1,279.5,271.4,276.2,275.4,279.4,279.8,280.3,281.6,279.8,279.7,280.3,281.0,279.5,280.2,280.7,279.7,278.9,276.1,275.3,279.4,277.8,278.8,277.6,279.9,281.6,281.5,286.2,287.5,286.8,286.4,285.6,282.3,278.4,280.7,278.1,279.1,279.7,274.9,270.7,270.9,275.0,276.0,277.5,279.5,279.2,275.6,275.4,273.1,273.2,273.2,273.7,271.9,274.2,275.2,275.4,275.2,275.0
286.0,285.2,291.9,293.9,291.2,286.9,269.2,263.9,279.8,288.4,290.6,286.0,286.1,285.7,284.3,278.7,280.3,287.7,288.4,283.5,282.6,279.7,281.8,282.9,282.5,283.1,280.2,281.0,279.4,279.5,279.3,281.9,283.7,282.4,280.5,281.1,282.3,280.9,279.4,280.9,278.9,280.0,281.3,284.7,287.4,288.8,288.7,286.2,287.0,285.4,281.5,276.4,281.5,276.6,278.3,279.2,274.6,271.9,270.5,275.5,276.9,278.2,278.8,279.6,280.3,272.9,271.4,274.2,273.4,274.6,274.2,274.5,274.9,276.2,275.7,276.0,275.9
269.6,270.5,283.5,285.5,285.8,282.7,268.5,276.5,275.7,271.4,262.8,289.0,294.3,291.2,291.7,293.4,290.1,280.4,279.3,284.3,281.6,281.6,281.6,281.4,280.8,279.3,282.6,281.2,280.1,281.4,281.7,283.2,281.3,280.6,281.6,281.6,282.5,281.7,280.2,278.9,279.1,280.5,284.8,286.7,290.1,288.0,286.2,287.5,284.5,283.2,280.8,277.3,279.9,280.1,277.9,274.9,274.7,274.4,275.7,277.2,278.1,278.9,280.1,281.7,271.7,271.2,275.1,276.7,276.5,274.9,275.5,275.9,275.7,275.9,275.9,275.3,276.7
272.5,268.0,272.8,264.0,271.0,286.7,289.3,292.1,294.1,285.1,272.2,289.0,292.2,291.5,288.5,288.4,288.5,287.1,284.4,278.6,281.2,283.6,283.8,285.5,285.3,284.9,283.2,283.9,284.3,285.7,281.9,280.2,279.0,279.8,280.3,278.4,279.4,278.5,278.4,278.9,279.3,280.7,284.6,284.8,288.1,285.6,287.3,284.4,281.0,280.2,277.3,272.0,277.9,276.6,276.2,275.9,276.2,276.4,276.6,277.2,278.2,278.9,281.8,280.8,278.0,281.4,277.8,276.3,276.2,275.3,276.1,276.2,276.2,276.4,277.3,278.5,282.3
270.9,271.8,282.0,294.0,296.1,296.4,295.8,296.9,296.5,295.2,294.3,292.3,290.9,290.2,292.1,290.2,287.8,287.1,282.9,284.3,283.1,286.5,284.8,286.1,286.4,284.8,281.4,282.9,282.9,282.0,283.8,284.7,283.5,279.8,276.5,278.0,279.5,279.7,281.0,282.1,285.1,286.6,285.3,286.8,284.5,285.2,285.1,280.3,279.3,280.4,273.2,273.1,275.2,278.4,277.8,278.5,277.2,277.4,277.4,277.0,277.8,280.9,284.1,283.7,280.2,282.7,285.2,288.3,288.8,283.5,278.6,276.7,277.7,276.5,278.8,284.8,285.2
286.1,292.3,296.1,298.0,297.7,296.4,295.9,294.9,294.3,293.4,292.1,291.6,292.1,293.0,293.1,290.2,289.0,287.4,284.7,283.3,282.4,286.2,289.1,286.3,286.5,285.3,281.4,283.5,282.1,286.1,282.4,283.6,281.7,281.9,283.1,280.6,282.7,285.1,282.1,285.5,289.3,289.6,288.4,278.5,277.5,285.0,281.6,281.9,281.0,281.0,276.1,279.3,279.0,279.0,278.7,278.2,278.5,279.5,280.9,282.8,283.4,283.9,284.1,280.8,272.2,282.2,284.2,284.7,284.1,282.9,282.9,285.4,282.6,278.4,284.3,284.9,284.4
293.9,297.5,298.8,297.8,297.5,296.5,295.2,294.2,293.4,292.3,292.7,294.6,288.7,280.7,276.2,275.4,277.5,276.8,274.3,275.5,270.4,272.0,268.9,283.6,280.5,285.4,283.9,284.1,283.8,277.7,285.7,283.2,283.5,283.8,286.6,279.4,284.3,284.3,286.4,291.0,290.6,280.7,279.1,278.1,276.9,279.7,277.8,279.9,278.0,284.6,281.1,281.7,283.0,281.6,281.8,282.3,283.3,284.4,284.1,283.9,284.1,284.3,284.1,275.7,274.7,282.5,283.7,286.1,285.7,285.6,287.3,288.1,287.7,285.6,285.4,285.5,283.5
293.8,297.2,298.8,298.7,298.1,296.8,295.6,294.5,293.2,291.8,278.3,274.5,277.5,281.6,285.2,285.2,283.7,282.1,279.2,270.6,268.7,267.1,268.6,272.3,272.2,278.6,286.8,284.9,284.8,286.4,284.4,284.5,286.7,287.4,285.9,284.3,284.9,288.4,289.8,290.5,290.3,291.4,282.1,279.2,279.5,279.9,279.5,279.6,279.7,286.9,287.5,283.1,286.4,287.1,286.1,284.2,284.8,284.9,284.7,285.1,284.6,284.9,284.7,276.2,281.6,284.3,287.5,288.3,288.6,288.7,289.4,288.0,287.8,286.7,286.0,286.8,285.7
278.8,277.3,290.7,296.8,298.0,296.9,295.1,287.3,273.2,265.3,275.6,275.8,275.1,277.8,273.3,273.5,283.6,285.8,283.6,283.6,282.0,278.9,275.1,271.1,278.4,275.6,274.5,282.3,284.7,285.8,284.8,285.9,286.9,288.4,284.9,285.6,285.7,287.7,289.7,289.4,290.1,289.5,286.3,284.2,284.2,281.5,280.8,281.1,281.1,280.2,285.9,285.0,281.3,287.4,286.1,285.8,286.2,285.6,286.0,286.0,282.5,279.6,275.4,278.4,282.0,285.4,286.8,290.6,289.0,289.3,290.0,290.8,288.7,286.8,286.1,287.1,286.6
263.7,271.7,268.7,274.0,273.4,276.6,271.5,270.0,272.0,273.3,274.7,273.3,272.4,269.2,265.9,271.7,270.7,271.4,272.6,272.1,273.4,278.9,268.3,280.6,283.1,285.3,283.1,284.5,283.8,281.8,285.6,286.8,286.2,285.7,282.3,283.6,285.5,288.3,287.4,286.8,286.6,284.4,284.3,282.3,280.9,281.3,282.5,282.3,281.7,280.9,285.8,282.0,284.5,288.2,287.7,287.3,287.7,287.6,287.0,285.4,277.9,277.3,279.0,285.0,285.9,290.9,290.7,290.6,288.5,288.2,291.0,293.5,292.4,291.5,290.2,290.5,289.5
265.3,263.3,269.1,275.1,270.3,272.4,274.2,274.0,274.0,274.3,274.4,273.8,272.5,272.9,271.0,273.1,276.2,274.7,275.2,272.2,273.8,276.1,269.6,278.0,273.7,276.0,279.2,277.8,282.4,282.3,283.6,284.1,281.9,284.1,284.3,285.5,287.6,286.1,285.5,285.1,284.7,283.2,282.4,282.4,282.0,282.8,283.7,283.4,282.2,280.9,283.8,284.2,287.1,288.5,288.9,288.4,282.1,284.5,285.8,285.3,285.2,279.8,281.7,287.5,292.7,293.9,293.5,292.7,290.2,289.5,291.7,292.4,291.6,292.0,291.3,291.2,291.6
267.8,268.3,270.1,268.7,274.7,273.1,274.9,272.2,275.1,274.4,274.6,272.4,269.7,273.6,274.2,276.3,278.9,276.4,269.4,275.9,272.7,272.1,275.7,272.9,276.0,278.6,277.2,280.9,284.5,282.8,280.1,276.5,280.2,283.1,283.1,283.7,285.1,284.7,284.0,284.3,283.8,282.8,282.1,282.0,282.6,283.4,285.1,284.8,283.1,285.0,286.8,288.8,289.3,288.9,286.5,284.4,285.7,283.9,291.2,284.3,291.2,291.4,292.4,293.4,293.8,293.3,293.1,293.1,292.6,292.3,292.5,291.6,290.8,290.7,290.7,291.0,291.2
262.7,261.4,276.5,270.0,275.6,279.8,279.2,278.9,276.1,274.2,275.8,274.1,274.4,274.7,272.8,270.4,273.5,273.9,275.0,274.1,275.9,275.0,273.2,274.8,273.6,276.2,276.7,275.1,287.6,288.8,288.3,285.9,281.8,284.9,284.8,285.5,285.0,285.7,284.2,283.9,282.9,283.0,282.6,283.0,284.1,283.6,283.7,284.6,286.0,288.0,290.0,290.3,289.8,286.2,284.7,289.2,289.6,293.7,295.3,294.9,293.6,293.6,293.9,293.9,293.4,292.6,292.4,292.7,292.8,292.6,292.4,291.9,291.1,290.9,291.2,291.2,290.8
283.5,266.4,265.9,271.1,277.5,277.2,274.8,278.4,280.0,277.2,280.6,277.4,278.6,277.2,276.1,271.6,274.8,272.7,262.4,277.2,279.5,275.1,267.2,275.8,274.5,280.5,279.4,285.3,291.5,289.2,288.6,283.9,277.7,281.6,284.4,286.7,285.2,285.7,285.1,285.0,285.4,285.4,285.8,287.7,289.7,285.0,284.8,283.6,283.0,286.7,290.2,292.2,292.1,291.9,285.1,292.9,294.2,293.7,293.8,293.7,293.8,293.9,293.9,293.2,292.4,292.1,292.1,292.2,292.3,292.4,292.2,292.1,291.9,291.9,292.0,291.7,290.6
296.1,289.3,266.6,272.5,273.5,268.5,269.4,274.6,275.4,277.8,274.2,274.2,274.9,275.5,273.0,264.1,260.1,258.3,269.5,271.2,274.8,274.3,273.5,264.1,279.6,283.9,275.6,289.1,290.1,288.8,288.7,287.1,284.9,283.7,283.5,285.3,287.0,287.3,287.0,286.2,287.5,287.1,288.1,291.0,289.7,286.4,286.4,285.6,284.0,286.5,289.7,293.4,293.1,294.0,293.3,293.3,292.5,291.9,292.3,292.4,292.7,293.1,293.2,292.8,292.5,292.3,292.3,292.6,292.6,292.6,292.7,292.9,292.8,292.8,292.7,292.4,291.5
305.6,304.7,289.8,290.4,267.1,272.2,276.4,276.6,265.8,271.5,272.4,275.5,277.5,266.2,279.1,277.0,275.8,269.6,284.1,270.4,275.3,275.3,278.8,269.3,279.3,277.9,286.9,288.2,287.3,288.1,287.3,287.8,285.4,284.7,285.8,287.3,287.7,287.4,287.3,288.4,290.4,291.3,291.4,293.4,293.5,285.9,286.4,287.2,286.6,287.7,291.0,294.3,295.4,295.1,293.8,293.0,292.1,292.0,292.4,292.7,292.7,292.8,292.9,292.9,293.0,293.2,293.4,293.6,293.6,293.5,293.6,293.8,293.7,293.6,293.7,293.7,293.4
306.1,308.1,308.0,306.1,296.0,278.1,274.5,273.9,261.7,276.0,277.0,283.3,284.3,276.3,281.8,278.7,284.4,274.7,290.6,280.3,264.9,275.8,276.8,268.8,273.7,277.0,280.8,289.0,288.4,289.2,287.5,287.3,288.4,286.3,284.4,287.1,287.5,287.6,288.7,292.2,294.7,292.6,295.9,293.7,293.0,286.6,288.7,287.9,288.9,291.9,294.6,295.5,294.9,294.9,293.6,292.9,292.7,293.1,293.3,293.1,293.1,293.2,293.3,293.6,294.2,294.7,295.0,294.9,294.8,294.8,294.6,294.5,293.9,293.7,294.2,294.8,294.9
309.2,309.4,308.3,307.8,307.4,304.6,299.5,304.6,298.1,280.4,261.3,263.8,271.3,273.5,279.2,277.4,279.3,289.8,292.2,293.7,277.4,278.3,277.3,273.9,278.3,283.6,283.4,285.9,286.1,287.6,287.2,290.5,288.1,286.5,286.7,287.8,289.3,290.7,295.2,295.8,294.8,291.8,293.6,292.2,287.0,288.6,291.5,291.1,292.2,295.6,296.6,295.9,294.0,293.9,293.8,294.0,294.3,294.6,294.5,294.2,294.0,294.1,294.1,294.5,295.1,295.4,296.0,295.9,295.8,295.8,295.8,295.2,294.4,294.0,294.5,295.0,295.1
309.6,310.4,310.0,310.1,310.0,309.8,310.9,311.7,309.9,308.2,299.5,294.2,301.2,295.6,295.3,290.9,294.8,298.2,298.3,288.3,283.6,284.4,279.1,281.8,279.8,286.9,287.1,283.9,286.3,288.9,288.8,290.9,289.2,290.3,292.8,291.6,291.1,296.0,296.4,292.8,293.5,295.1,290.5,288.0,286.7,290.0,293.3,294.7,295.5,297.2,297.1,294.3,294.8,295.0,295.2,295.6,295.9,295.9,295.7,295.4,295.2,295.5,295.3,295.2,295.6,295.0,295.8,296.2,296.3,296.6,296.6,296.3,295.5,295.2,295.0,295.1,295.0
311.3,310.9,311.6,311.9,311.6,311.4,311.6,311.6,311.4,310.8,310.4,309.6,306.6,302.8,301.1,296.4,298.9,296.3,287.2,292.9,288.9,287.6,282.0,282.7,283.5,290.8,285.8,288.9,293.7,290.1,291.6,292.7,292.4,291.8,295.3,293.9,297.2,289.9,296.5,295.5,292.8,293.2,292.3,288.6,290.8,292.7,297.1,297.8,298.1,297.4,295.9,294.6,295.3,295.5,295.5,296.7,296.9,296.4,296.0,295.8,296.0,296.4,296.4,296.4,296.4,296.3,296.3,296.6,297.0,297.2,297.0,296.7,296.6,296.1,295.9,295.6,295.7
311.0,310.1,311.2,312.0,312.2,312.9,312.0,312.0,312.9,312.3,311.8,306.3,304.1,303.1,300.8,299.3,296.7,290.1,302.8,297.7,294.8,285.6,288.2,287.8,287.7,290.3,289.0,290.6,296.0,299.7,295.2,294.3,295.7,295.0,294.1,293.3,292.5,294.9,293.8,293.1,292.4,292.8,291.3,293.7,297.1,295.6,299.3,299.7,297.3,296.9,296.8,296.1,295.8,296.2,296.8,297.5,297.4,296.6,296.0,296.0,296.4,297.1,297.6,298.0,297.5,297.7,297.4,297.5,297.7,297.6,297.0,296.9,296.9,296.9,296.6,296.4,296.8
311.6,310.3,309.9,310.7,310.7,306.8,307.4,308.2,307.2,310.1,310.7,308.4,310.4,305.3,302.1,300.0,295.0,295.2,302.3,302.3,298.3,289.2,290.7,288.7,288.8,288.3,293.2,291.5,296.3,299.8,296.9,296.3,296.6,296.6,296.1,295.7,295.5,292.4,293.9,295.6,294.2,290.4,296.3,299.0,291.4,298.9,298.0,297.1,297.9,296.9,296.6,296.4,296.4,296.9,297.3,297.3,297.1,296.7,296.5,296.5,297.0,297.7,298.3,298.8,299.0,298.8,298.5,298.3,298.3,297.7,297.1,297.0,297.4,297.7,297.5,297.4,297.8
311.9,311.2,310.4,309.5,305.5,306.6,306.6,302.8,302.2,310.8,311.5,309.5,308.0,304.1,301.5,301.4,292.3,298.7,304.7,303.4,290.7,293.8,292.3,291.5,292.9,293.2,289.5,291.9,294.4,295.7,294.4,300.1,299.3,299.6,296.1,295.3,297.8,298.2,294.1,297.3,293.5,294.6,297.2,298.9,287.3,299.3,298.2,297.8,297.5,296.9,296.8,297.0,297.4,297.7,297.5,297.3,297.0,297.0,297.1,297.2,297.5,297.9,298.5,299.3,299.7,299.5,299.0,298.8,298.6,298.2,297.8,297.9,298.1,298.4,298.5,298.4,298.6
