examples/out.json
{"header": {"discipline":0,"disciplineName":"Meteorological products","gribEdition":2,"gribLength":76901,"center":7,"centerName":"US National Weather Service - NCEP(WMC)","subcenter":0,"refTime":"2016-04-06T12:00:00.000Z","significanceOfRT":1,"significanceOfRTName":"Start of forecast","productStatus":0,"productStatusName":"Operational products","productType":1,"productTypeName":"Forecast products","productDefinitionTemplate":0,"productDefinitionTemplateName":"Analysis/forecast at horizontal level/layer at a point in time","parameterCategory":2,"parameterCategoryName":"Momentum","parameterNumber":3,"parameterNumberName":"V-component_of_wind","parameterUnit":"m.s-1","genProcessType":2,"genProcessTypeName":"Forecast","forecastTime":0,"surface1Type":103,"surface1TypeName":"Specified height level above ground","surface1Value":10.0,"surface2Type":255,"surface2TypeName":"Missing","surface2Value":0.0,"gridDefinitionTemplate":0,"gridDefinitionTemplateName":"Latitude_Longitude","numberPoints":65160,"shape":6,"shapeName":"Earth spherical with radius of 6,371,229.0 m","gridUnits":"degrees","resolution":48,"winds":"true","scanMode":0,"nx":360,"ny":181,"basicAngle":0,"subDivisions":0,"lo1":0.0,"la1":90.0,"lo2":359.0,"la2":-90.0,"dx":1.0,"dy":1.0}, "data":
[rows 108 to 143 of 181, columns 243 to 323 of 360]
0.33,0.34,0.92,1.95,2.56,2.49,2.74,2.83,3.05,3.21,3.38,3.56,3.89,3.86,3.59,3.49,2.98,3.28,3.7,3.61,3.02,1.55,1.59,1.57,2.13,1.95,1.76,1.91,2.22,2.39,2.52,3.24,3.67,3.83,3.72,3.87,4.98,5.94,5.69,6.22,6.08,6.78,5.97,5.11,4.13,3.84,1.86,0.99,-2.19,-4.22,-2.46,-2.12,-1.09,-3.45,-5.4,-3.57,-2.1,-1.98,-2.0,-1.23,-1.84,-1.98,-0.72,-0.84,-1.04,-0.37,-1.1,-0.96,-0.95,-1.7,-2.37,-1.26,-1.3,-2.19,-0.09,-0.37,1.15,1.71,2.82,2.51,1.96
2.2,1.26,0.86,1.38,1.9,2.85,3.49,3.68,3.12,3.39,3.85,4.25,4.42,4.38,4.26,4.2,3.94,3.64,3.51,3.32,3.18,2.8,2.08,2.36,2.05,1.79,1.24,1.32,1.65,1.86,1.74,2.35,2.71,2.66,3.13,3.03,3.42,4.57,5.15,5.54,6.03,6.33,6.85,5.96,4.82,3.57,5.09,0.26,0.25,-1.68,-2.13,-0.81,-1.92,-2.41,-6.12,-5.59,-3.81,-3.09,-1.99,-1.86,-2.05,-2.69,-1.37,-0.89,-1.24,-1.16,-1.2,-2.07,-2.21,-1.8,-1.21,-0.75,-1.72,-1.1,-0.66,-0.75,0.67,1.86,1.79,1.94,2.05
1.76,2.53,2.58,2.76,2.97,3.04,3.17,3.19,3.23,3.09,3.03,3.4,3.86,4.52,4.54,4.16,3.89,4.16,4.14,3.84,3.57,3.16,2.59,2.45,2.42,1.92,1.25,1.13,1.01,1.01,1.56,1.23,1.75,2.1,2.44,2.83,3.26,3.5,3.69,4.77,5.41,6.66,7.07,6.6,5.4,3.99,5.29,1.09,-0.11,1.68,-3.84,1.15,-1.85,-1.94,-4.95,-6.73,-4.65,-3.69,-2.56,-2.13,-1.24,-1.64,-1.67,-1.45,-1.29,-1.16,-1.03,-0.99,-1.42,-1.82,-2.13,-1.36,-0.35,-0.99,-0.69,-0.63,-0.45,2.62,1.53,1.37,1.59
2.36,2.57,2.55,2.49,2.5,2.54,2.67,2.92,3.17,3.38,3.42,3.37,3.5,3.68,3.89,4.12,4.28,4.09,4.14,4.1,3.97,3.55,3.02,2.45,1.86,1.31,1.31,1.2,0.9,0.64,0.64,0.88,0.79,1.1,1.55,2.15,2.65,2.96,3.55,4.2,5.24,6.47,7.26,7.07,5.58,4.21,4.21,1.69,0.28,1.39,-2.83,-0.03,0.1,-1.61,-4.91,-6.61,-5.19,-4.11,-2.84,-2.66,-1.68,-1.39,-2.21,-1.9,-1.54,-0.99,-0.53,-0.42,-1.39,-1.19,-2.19,-1.2,-0.95,-0.62,0.79,-0.11,-0.61,2.07,1.26,1.05,1.87
1.67,2.18,2.41,2.54,3.05,3.55,3.86,4.28,4.3,4.12,3.85,3.4,3.07,2.39,2.71,3.9,4.52,4.32,3.7,3.92,3.46,3.43,3.4,2.82,1.93,1.47,0.86,0.27,0.07,0.29,0.01,-0.06,0.28,0.44,0.81,0.96,1.39,2.15,3.14,3.87,4.95,6.17,6.98,6.84,6.34,5.34,5.06,-0.23,-0.67,-0.5,-0.26,-0.14,-0.13,1.92,-4.64,-6.0,-5.28,-4.28,-3.02,-3.18,-2.14,-2.6,-0.9,-1.42,-0.98,-0.5,-0.23,-0.07,0.16,-2.28,-2.02,-1.97,-1.61,-1.55,-1.35,-0.98,-0.37,0.36,-0.67,0.64,1.56
0.77,1.32,1.81,2.25,2.72,3.18,3.59,3.61,3.79,3.74,3.86,3.43,3.1,3.43,3.32,3.89,4.66,4.38,5.61,5.79,6.04,5.77,4.48,2.24,1.34,1.57,1.3,1.04,-0.23,-0.46,-0.83,-1.44,-1.18,-0.82,-0.04,0.28,0.56,1.66,2.29,3.22,4.73,6.3,6.87,6.64,6.64,5.94,5.71,-0.5,-0.76,0.93,-0.48,-0.03,-0.35,2.73,-1.91,-5.35,-4.96,-4.33,-3.68,-2.89,-2.67,-2.51,-1.98,-1.35,-1.15,-0.93,0.91,0.56,0.2,0.38,-1.98,-1.12,-1.25,-1.53,0.4,-0.81,-1.09,0.02,-0.08,-0.02,1.1
0.07,1.07,1.7,2.26,2.6,3.2,4.19,4.51,4.86,4.97,5.65,4.73,5.27,5.09,5.24,6.08,6.65,6.97,7.31,7.29,7.93,8.33,8.73,8.55,8.03,4.88,0.57,0.69,0.66,-0.58,-1.53,-1.06,-0.94,-0.96,-0.78,-0.81,-1.08,-0.39,1.2,2.85,4.59,6.23,6.65,6.53,7.01,7.26,6.04,0.16,0.45,-0.43,-0.8,-0.14,-0.3,4.51,3.16,-1.65,-4.12,-4.15,-3.71,-2.82,-2.63,-2.32,-2.59,-1.99,-2.03,0.14,-0.17,0.04,0.33,0.4,-0.54,-0.53,-2.94,-2.05,-1.7,-1.66,-1.67,-0.24,0.54,-0.15,0.48
-0.41,0.65,1.35,1.87,2.87,3.52,3.65,5.04,5.6,6.17,6.06,6.31,6.42,7.11,7.15,7.33,7.49,7.41,7.43,7.71,8.21,8.49,8.86,9.21,9.21,9.31,8.94,7.69,3.36,-0.88,-2.38,-2.38,-2.15,-1.16,-1.06,-0.92,-0.62,-0.87,0.22,1.36,3.17,5.39,6.19,6.4,7.01,7.76,8.61,-2.51,-1.49,0.39,-2.38,-0.39,1.31,3.44,2.75,2.17,-3.23,-3.85,-4.01,-4.41,-2.88,-2.87,-3.21,-3.25,-2.26,-2.33,-0.38,-0.7,-0.27,-0.79,-2.94,-2.79,-2.75,-2.59,-1.64,-0.74,-0.55,-0.85,-0.83,-1.12,0.35
-0.9,-0.14,0.91,1.72,1.82,2.92,4.02,4.68,4.64,5.5,5.88,5.88,6.06,5.4,5.91,6.05,6.04,6.03,6.44,6.8,7.09,7.38,7.39,7.78,8.45,8.75,8.77,8.89,9.26,9.44,5.32,-2.87,-4.23,-4.38,-2.23,-1.67,-1.03,-0.97,-1.14,0.24,1.38,3.77,5.6,5.99,6.53,7.19,7.67,-0.98,-2.64,-0.09,-5.42,-1.08,-0.07,3.84,2.67,2.15,-0.61,-4.04,-4.5,-4.97,-4.7,-2.98,-2.83,-2.51,-2.34,-0.81,-1.6,-1.22,-0.45,-4.57,-4.13,-3.59,-3.42,-2.98,-1.74,-1.23,-0.89,-0.79,-1.04,-1.19,0.29
-2.12,-0.65,0.48,0.1,1.99,2.92,3.53,3.45,3.64,3.83,3.94,4.47,5.02,5.5,5.8,5.92,5.99,6.2,6.59,6.71,7.16,7.45,7.46,7.52,7.59,7.68,7.58,7.95,8.27,8.49,8.86,8.89,3.86,-4.81,-4.96,-5.4,-3.31,-1.61,-2.24,-1.76,-0.27,1.73,4.59,5.2,5.73,5.99,5.6,-1.79,-1.53,-3.67,-4.02,-1.56,-0.53,2.98,2.51,2.31,3.75,-4.21,-5.56,-5.71,-4.71,-3.64,-3.39,-3.2,-4.01,-4.94,-3.3,-1.1,-0.78,-6.29,-5.28,-4.97,-5.05,-3.39,-2.86,-1.73,-0.68,-0.1,0.69,1.67,3.04
-3.17,-1.41,-1.7,-0.74,1.04,1.97,1.98,2.16,2.59,3.25,3.9,4.39,5.04,5.43,5.72,6.07,6.2,6.39,6.98,6.94,7.23,7.94,7.58,7.3,7.56,7.95,7.75,7.36,7.57,7.97,7.98,7.59,7.62,8.01,0.92,-6.2,-5.93,-4.02,-3.19,-3.54,-2.09,-0.42,2.97,4.59,5.3,5.93,1.44,0.5,-7.08,-1.33,0.55,0.35,0.84,2.36,2.43,2.82,2.52,0.06,-4.5,-5.99,-5.44,-4.55,-3.96,-4.05,-4.16,-2.74,-2.68,-1.97,-3.29,-9.63,-7.35,-6.89,-5.39,-5.22,-4.15,-2.51,-1.66,-0.25,1.51,2.2,1.89
-2.51,-1.98,-3.41,-1.59,0.1,0.58,0.71,1.21,2.25,3.21,4.05,4.63,5.19,5.41,5.59,6.06,6.6,6.85,7.42,7.05,7.0,7.85,7.78,7.76,7.05,7.38,7.59,7.69,7.78,8.07,7.76,7.22,6.9,6.43,6.57,5.41,-6.92,-6.73,-5.23,-5.0,-3.97,-2.28,0.77,3.43,4.89,5.86,-0.8,0.19,-3.07,-2.43,-2.22,3.26,-1.98,0.07,3.84,2.34,2.41,2.01,-2.05,-4.59,-4.66,-4.79,-4.17,-4.08,-3.94,-3.54,-3.46,-2.07,-6.54,-10.79,-8.9,-7.73,-7.03,-6.21,-4.46,-3.78,-2.09,-0.76,-0.35,0.23,0.57
-2.64,-2.87,-3.7,-2.16,-1.75,-0.95,-0.48,0.45,1.87,3.03,4.02,4.81,5.56,5.91,6.49,6.75,7.1,7.58,7.56,7.77,7.53,7.54,7.92,8.63,7.15,7.67,7.47,7.37,7.26,8.26,8.17,7.61,7.29,6.7,5.81,5.27,3.95,-7.79,-7.49,-7.12,-5.73,-4.2,-1.29,2.02,4.06,5.46,-0.23,-0.82,-3.26,-0.22,-1.05,0.83,0.08,2.32,5.35,4.55,2.47,1.82,-0.72,-3.42,-5.69,-6.26,-3.81,-3.49,-2.96,-4.15,-3.68,-3.99,-9.98,-11.12,-9.9,-8.8,-7.99,-7.17,-5.92,-4.9,-3.95,-2.38,-0.25,1.07,0.77
-3.95,-5.59,-4.28,-3.53,-2.86,-2.09,-0.88,0.34,1.64,2.87,3.64,4.7,5.93,6.64,6.73,7.07,7.37,7.78,8.2,8.19,7.94,7.84,8.52,8.9,7.94,8.13,6.96,8.15,7.51,8.11,7.96,8.12,7.71,7.35,6.44,5.04,3.62,0.05,-9.15,-8.75,-8.24,-6.72,-3.43,-0.26,2.64,3.15,0.88,1.1,-2.06,0.78,-4.94,-2.22,0.22,1.83,4.49,4.82,4.26,0.93,0.99,-3.04,-5.98,-7.05,-5.08,-4.6,-4.52,-4.67,-5.44,-8.98,-10.78,-10.63,-10.15,-9.6,-8.83,-7.98,-6.68,-6.18,-5.13,-2.73,-0.61,0.51,0.52
-4.59,-7.44,-6.37,-5.23,-3.6,-2.65,-1.48,-0.01,1.36,2.72,3.93,4.81,5.89,6.81,7.47,7.1,7.66,7.75,8.18,8.57,8.58,8.0,8.86,8.81,9.5,8.9,7.78,8.77,7.87,7.87,8.29,8.14,7.91,7.55,6.78,5.89,4.03,2.14,-8.1,-10.28,-10.36,-9.09,-5.67,-2.71,-0.29,-0.36,-0.59,-0.66,-1.98,-0.22,0.13,-1.92,0.05,0.21,3.92,4.24,4.68,4.48,2.6,-0.51,-5.37,-4.38,-5.35,-4.93,-5.4,-5.36,-6.03,-9.02,-9.65,-9.76,-10.05,-10.0,-9.49,-8.63,-7.41,-7.25,-5.78,-3.3,-1.7,-0.57,-0.08
-5.47,-8.65,-7.5,-6.28,-4.52,-3.01,-1.42,-0.05,1.44,3.23,4.42,5.33,6.29,6.93,7.4,7.09,7.58,7.83,8.36,9.1,8.74,8.04,8.11,7.71,8.85,9.0,9.03,9.91,8.01,7.92,9.64,8.33,8.44,7.85,6.89,6.08,5.08,2.23,-2.35,-12.04,-11.68,-10.61,-6.67,-5.02,-3.18,-2.64,0.01,-0.72,-1.59,-1.46,-2.66,-2.35,-1.23,-1.47,2.14,2.75,4.63,4.25,6.36,2.31,-3.73,-2.88,-3.62,-0.51,-2.74,-5.09,-5.92,-8.38,-8.68,-10.14,-10.21,-10.59,-10.35,-9.71,-8.45,-8.44,-5.67,-4.14,-2.63,-1.8,-0.7
-7.17,-9.27,-8.52,-6.83,-5.33,-3.42,-1.62,-0.08,1.85,3.58,4.93,5.86,6.42,6.92,7.33,7.48,7.71,8.28,8.66,9.12,9.58,9.12,9.91,8.38,7.51,7.96,8.43,8.99,8.22,9.29,9.82,9.32,8.93,8.45,7.93,7.45,7.47,2.86,-1.94,-12.37,-12.36,-11.21,-8.12,-7.1,-5.51,-3.96,-1.32,-2.32,-1.66,-3.08,-3.36,-3.01,-2.92,-1.19,0.46,2.25,2.81,3.54,3.87,5.29,7.13,0.56,-0.4,1.18,2.02,2.39,4.31,-0.66,-7.97,-10.16,-10.23,-11.83,-11.31,-9.75,-8.85,-8.18,-5.82,-4.1,-3.62,-3.18,-1.72
-8.61,-11.69,-10.22,-7.75,-5.75,-3.99,-1.98,-0.07,2.07,3.96,5.68,5.97,6.17,6.5,6.91,7.4,8.17,8.7,9.16,9.33,9.64,10.37,10.57,9.9,8.48,7.44,7.31,7.97,8.52,8.63,9.89,9.59,9.6,9.03,9.77,9.93,10.72,10.01,-1.87,-11.73,-13.92,-11.99,-9.36,-8.95,-7.55,-2.89,-0.78,-2.81,-1.45,-3.82,-3.73,-3.87,-3.2,-1.97,-0.56,0.84,1.91,2.59,2.97,1.51,4.11,6.43,6.97,6.58,4.85,4.14,2.18,0.72,4.73,-8.42,-11.96,-12.5,-12.39,-10.9,-10.65,-7.51,-5.84,-4.48,-3.52,-3.42,-1.45
-9.9,-12.88,-10.6,-7.88,-5.74,-4.33,-2.28,-0.04,2.37,3.98,5.48,5.67,5.78,5.87,6.65,7.4,7.89,8.72,9.28,9.76,10.36,10.31,10.56,10.17,9.85,8.3,6.97,6.64,7.0,7.36,8.89,9.31,9.32,9.48,9.77,10.32,11.99,12.89,4.52,-11.76,-16.04,-13.49,-11.02,-10.27,-7.76,-2.59,-3.21,-1.33,-0.44,-3.52,-4.43,-4.89,-5.04,-4.1,-2.31,-1.39,-0.92,0.9,2.46,3.12,-0.27,2.29,4.16,4.84,4.91,3.75,1.9,1.88,2.1,4.21,-7.97,-12.42,-13.63,-11.62,-10.62,-8.9,-7.15,-5.49,-4.27,-2.87,-1.44
-11.32,-12.41,-9.26,-7.46,-5.53,-3.45,-1.69,0.33,2.36,4.1,5.67,5.48,5.63,6.43,7.22,7.71,8.08,8.69,9.52,9.66,10.16,10.03,10.26,10.88,10.11,10.19,10.22,9.29,8.47,7.49,7.43,8.12,8.62,8.73,9.61,10.45,11.3,13.48,11.77,-12.1,-17.36,-15.19,-13.12,-11.26,-2.38,-3.22,-3.24,-1.95,-2.28,-4.42,-5.79,-6.83,-7.49,-6.54,-4.83,-2.88,-1.48,-0.22,1.18,1.36,1.48,2.08,3.27,4.8,4.45,2.59,3.04,2.41,1.76,0.41,0.74,-12.29,-14.58,-14.54,-13.01,-10.88,-8.48,-6.03,-4.84,-3.57,-1.97
-11.92,-9.48,-7.11,-5.57,-4.4,-2.67,0.26,1.51,2.8,4.27,5.33,5.67,6.29,6.72,7.47,8.09,8.45,8.94,9.25,9.07,9.63,10.03,10.02,11.01,10.94,10.72,10.84,10.72,10.48,10.07,9.8,7.56,7.81,8.25,8.98,10.63,11.8,13.61,14.59,-8.58,-18.09,-16.07,-14.87,-13.82,-1.88,-2.63,-1.35,-2.77,-1.39,-2.9,-7.57,-5.74,-4.85,-5.95,-6.82,-3.13,-3.43,-1.42,-0.05,1.19,4.17,5.42,5.52,6.22,5.68,4.95,2.36,0.66,0.44,-0.66,-4.42,-13.09,-15.4,-14.24,-13.0,-11.17,-7.57,-5.98,-4.8,-3.22,-1.52
-4.29,-5.1,-5.76,-4.59,-3.75,-1.11,0.88,2.11,3.53,4.34,5.15,5.49,6.26,6.99,7.21,7.82,8.5,8.85,8.86,8.78,9.0,9.57,10.38,11.02,11.33,11.4,11.39,11.22,11.15,11.15,11.28,11.18,10.53,8.76,8.86,9.61,11.52,12.98,14.16,10.04,-18.38,-16.93,-15.35,-13.66,-0.47,-2.03,-2.94,-2.3,-1.21,-0.63,-4.71,-5.49,-5.42,-5.27,-4.48,-4.56,-4.72,-2.5,-0.65,1.65,3.18,4.59,4.97,5.34,2.69,2.6,2.67,2.17,2.25,0.55,-1.36,-11.36,-15.39,-14.04,-10.71,-6.46,-5.73,-4.44,-3.03,-1.97,-1.29
-7.59,-6.5,-4.76,-3.55,-1.77,-0.65,1.47,2.89,3.79,4.16,4.79,5.27,6.08,6.9,7.36,7.89,8.46,8.65,8.22,7.98,8.07,8.89,9.93,10.39,10.79,11.32,11.7,12.0,11.95,11.53,11.02,10.59,11.13,11.77,10.54,8.92,9.9,12.04,13.07,20.16,-20.16,-17.54,-15.62,-13.57,-2.98,-2.91,-1.2,-1.23,-1.68,-0.52,-1.52,-6.02,-6.14,-6.58,-5.64,-6.52,-6.41,-3.93,-1.29,1.38,2.2,3.31,4.1,0.5,-0.37,-0.47,0.85,1.71,1.8,3.15,2.06,-2.59,-7.42,-8.4,-6.9,-7.84,-5.88,-4.54,-2.8,-2.06,-2.25
-5.3,-4.73,-3.06,-1.86,-1.01,0.42,2.38,3.64,4.29,4.68,4.7,4.56,5.42,6.36,6.99,7.57,7.89,8.09,7.79,7.42,7.53,8.32,9.36,9.88,10.47,11.11,11.6,12.05,12.39,12.41,11.92,11.48,11.16,10.84,11.47,9.11,8.7,10.74,12.09,11.31,2.78,-16.55,-16.08,-14.6,-7.12,-2.36,-2.93,-5.78,-4.95,-2.24,-0.3,-5.41,-8.82,-8.15,-6.8,-7.65,-5.75,-4.94,-1.96,0.37,0.47,2.13,-0.29,-2.9,-2.13,-1.76,-0.38,0.02,0.36,-0.64,-4.53,-4.37,-5.67,-7.55,-8.6,-6.68,-4.75,-3.36,-2.66,-2.03,-1.0
-3.5,-3.41,-2.78,-1.63,-0.61,1.04,2.52,3.7,4.45,4.7,4.49,4.12,4.68,5.44,6.08,6.99,7.47,7.44,7.36,6.81,7.23,7.73,8.86,9.18,9.77,10.36,10.86,11.6,11.82,12.26,12.31,12.02,11.37,10.53,10.46,9.78,7.84,9.16,10.81,11.96,14.57,-16.61,-15.59,-11.2,-14.16,-2.1,-3.75,-8.28,-8.92,-8.46,-5.65,-8.02,-10.15,-9.31,-9.6,-7.67,-6.42,-5.15,-3.28,-1.27,-0.83,0.16,-2.71,-5.83,-3.23,-2.5,-2.6,-2.09,-1.7,-1.69,-5.99,-8.83,-8.86,-8.7,-7.27,-5.22,-3.86,-3.65,-2.46,-0.69,0.33
-4.59,-1.88,-1.39,-2.32,0.64,2.65,4.06,4.96,5.25,4.9,4.19,3.93,3.97,4.4,5.24,6.19,6.71,6.89,6.85,6.62,6.83,6.95,8.27,8.21,8.53,9.47,9.93,10.87,11.35,11.73,12.06,12.38,12.62,11.92,9.93,9.13,6.86,8.07,8.94,9.71,10.01,14.08,-19.59,-6.79,-12.51,-2.08,-3.17,-6.92,-10.47,-12.69,-3.24,-6.65,-9.29,-11.4,-10.59,-9.7,-7.99,-6.15,-5.19,-4.12,-3.55,-2.62,-3.09,-8.28,-5.99,-4.86,-3.7,-2.62,-1.24,-1.54,-3.65,-5.23,-5.59,-6.16,-6.39,-5.98,-5.01,-3.62,-1.48,0.11,0.83
-5.27,-3.12,0.7,-1.27,1.3,3.03,4.33,5.32,5.37,4.82,4.02,3.78,4.24,4.5,5.1,5.73,6.21,6.62,6.71,6.65,6.6,6.32,6.89,7.26,7.18,8.33,9.2,9.95,10.55,11.09,11.03,11.48,12.38,13.41,12.02,7.66,6.83,7.75,8.31,8.48,9.0,8.33,13.39,-17.63,-7.81,-3.01,-3.91,-8.48,-3.92,-4.18,-4.22,-7.65,-10.22,-12.57,-11.98,-11.06,-9.23,-7.19,-6.56,-5.81,-5.77,-4.55,-3.45,-10.06,-7.72,-7.3,-5.93,-4.69,-3.48,-3.18,-3.34,-4.3,-5.23,-5.56,-5.09,-4.47,-3.85,-2.84,-1.42,-0.68,-0.6
-5.51,-3.46,1.25,-0.12,0.97,3.0,4.87,5.5,5.82,5.35,5.18,4.95,4.64,4.61,4.66,5.13,6.0,6.25,6.51,6.6,6.52,6.43,5.87,5.92,6.14,6.57,7.89,8.68,9.44,9.79,10.24,10.13,10.35,11.47,12.97,12.33,8.67,7.42,8.1,8.64,8.46,8.36,8.95,1.07,-5.13,-4.12,-3.84,-7.06,-3.95,-3.34,-8.8,-6.6,-9.15,-12.47,-13.47,-12.61,-10.54,-8.72,-7.83,-7.38,-7.23,-5.23,-7.57,-8.44,-8.54,-8.45,-8.36,-6.89,-5.58,-5.62,-5.83,-5.19,-4.63,-4.02,-3.74,-3.76,-3.42,-2.85,-1.92,-2.08,-1.28
-5.25,-3.36,-0.19,-0.2,0.46,3.36,4.43,5.41,5.61,5.52,5.24,5.28,5.31,5.2,4.93,4.72,4.98,5.73,5.94,5.94,5.9,5.95,6.19,5.7,5.42,5.83,6.94,7.17,7.84,7.94,8.58,9.21,8.8,8.56,9.33,10.16,9.87,8.29,7.81,8.57,8.81,8.22,2.94,4.11,-3.2,-2.93,-8.61,-6.52,-3.97,-6.84,-4.4,-8.42,-9.28,-11.49,-12.99,-12.49,-11.49,-10.39,-9.42,-8.44,-7.63,-5.9,-8.71,-8.11,-6.57,-6.97,-8.89,-8.9,-7.43,-6.91,-6.87,-6.38,-5.85,-5.08,-4.24,-3.72,-3.65,-2.69,-2.29,-2.16,-1.3
-4.5,-1.86,0.27,-0.78,-0.27,1.92,3.7,4.53,5.28,5.91,5.99,5.91,5.78,5.53,5.38,5.11,4.78,5.13,5.45,5.4,5.06,4.94,5.69,5.86,5.55,5.21,5.58,5.98,6.06,6.1,6.5,7.3,7.97,7.56,7.22,7.35,7.84,7.74,7.07,7.19,8.08,8.43,2.38,1.0,2.55,-6.73,-8.02,-4.72,-3.36,-5.07,-2.37,-3.48,-8.1,-11.12,-12.69,-13.03,-12.49,-11.68,-10.81,-9.73,-7.85,-7.87,-9.82,-8.54,-7.98,-7.18,-7.99,-8.79,-8.57,-7.81,-7.19,-6.34,-6.18,-5.93,-5.33,-4.53,-3.47,-2.92,-2.41,-0.89,0.78
-4.37,-1.8,-0.86,-1.07,0.49,2.02,3.56,3.85,3.99,4.92,5.92,6.19,6.03,5.75,5.57,5.49,5.34,5.19,5.37,5.5,5.61,5.82,5.9,6.21,5.84,5.39,5.23,4.82,4.98,4.34,4.14,5.05,5.91,6.47,6.42,6.1,6.11,6.26,5.81,5.61,6.11,6.97,0.44,-1.52,-1.58,1.34,-3.76,-7.38,-8.37,-7.34,-9.06,-6.51,-7.32,-10.94,-13.11,-13.84,-13.51,-12.72,-11.93,-10.96,-8.64,-8.36,-11.17,-11.52,-10.31,-8.95,-9.42,-8.25,-7.56,-7.54,-7.56,-7.22,-6.79,-7.23,-7.2,-4.64,-2.7,-2.57,-0.97,1.28,1.84
-4.0,-1.32,-1.15,-0.22,0.82,2.52,4.13,4.86,4.33,3.4,4.1,5.87,6.04,5.7,5.6,5.62,5.51,5.09,5.27,5.56,5.87,5.96,5.93,6.02,5.84,5.64,5.55,5.25,4.65,3.31,2.18,2.28,3.04,4.31,4.9,5.14,5.12,5.0,4.56,3.98,3.75,4.05,-0.95,0.58,-1.29,-3.92,-6.61,-5.74,-3.83,-5.38,-9.96,-10.8,-10.45,-11.29,-13.56,-14.44,-14.41,-13.7,-13.0,-12.09,-10.46,-10.07,-11.17,-10.26,-9.94,-9.6,-7.57,-6.77,-6.64,-6.77,-7.17,-6.08,-5.84,-5.83,-4.9,-4.83,-4.21,-2.95,-1.51,0.39,1.76
-3.82,-2.33,-1.29,0.57,2.37,3.32,4.03,4.16,4.15,4.04,3.84,5.55,5.76,5.54,5.57,5.63,5.61,5.55,5.64,5.55,5.61,5.64,5.81,5.93,6.0,5.88,6.14,5.76,5.1,3.8,1.93,0.45,-0.34,0.87,2.68,3.61,4.08,3.92,3.15,2.95,1.41,0.52,-1.54,-5.07,-0.46,2.31,6.49,2.83,-3.96,-4.84,-8.76,-10.95,-10.91,-12.52,-13.89,-14.58,-15.26,-14.77,-14.1,-13.21,-12.01,-11.39,-11.72,-11.47,-10.75,-9.51,-8.24,-7.95,-7.38,-6.79,-5.66,-4.31,-6.41,-6.09,-5.4,-5.3,-4.36,-2.6,-1.59,-1.01,-0.27
-3.8,-2.51,-0.95,1.03,2.69,3.31,3.56,3.82,4.07,4.15,4.77,5.61,5.67,5.64,5.7,5.89,5.56,5.39,5.56,5.98,5.64,5.64,5.79,6.04,6.45,6.4,6.98,6.65,6.07,5.18,4.07,3.44,0.76,-2.0,-1.48,0.69,1.93,2.37,1.89,1.57,0.79,-0.94,-2.31,-4.83,-1.56,2.24,6.68,5.78,8.06,1.44,-8.07,-11.57,-13.93,-14.49,-15.12,-15.62,-15.75,-15.79,-15.15,-14.32,-13.16,-12.52,-12.27,-11.82,-11.05,-10.0,-9.15,-8.67,-8.05,-7.6,-7.14,-6.68,-6.26,-5.8,-5.32,-4.5,-3.48,-2.74,-2.26,-1.66,-0.94
-2.9,-1.52,0.04,1.48,2.68,3.0,3.21,3.62,4.17,5.14,5.31,5.83,5.87,5.83,5.94,5.89,5.7,5.28,5.2,6.1,6.62,6.41,6.01,6.34,6.06,7.07,7.02,7.5,7.13,6.66,6.04,5.84,5.14,1.77,-3.55,-3.58,-1.18,0.04,0.38,0.41,0.27,-0.62,-1.51,-2.23,-0.94,0.16,1.6,2.77,3.5,5.88,-2.71,-10.22,-12.51,-13.74,-15.15,-16.63,-14.87,-13.82,-13.8,-14.39,-14.48,-13.78,-13.48,-13.07,-12.07,-11.05,-10.3,-9.68,-8.94,-8.25,-7.84,-7.34,-6.77,-6.14,-5.44,-4.64,-3.96,-3.36,-2.85,-2.5,-1.99
-2.5,-0.94,0.77,1.69,1.93,2.3,2.91,3.45,4.52,5.61,6.17,6.03,6.2,5.82,4.93,4.87,5.29,5.46,5.6,5.9,7.07,7.2,6.8,6.87,6.94,7.1,7.65,7.52,7.29,7.09,6.92,6.9,6.77,5.95,0.75,-5.72,-4.79,-2.45,-1.13,-1.05,-0.7,-1.25,-1.17,-1.14,-0.99,-0.49,-0.03,-0.01,1.23,3.94,2.76,-5.86,-11.42,-13.06,-13.99,-14.93,-16.11,-15.95,-15.18,-15.17,-15.53,-14.82,-14.48,-14.01,-13.17,-12.01,-10.98,-10.19,-9.44,-8.92,-8.43,-7.92,-7.19,-6.52,-5.78,-4.99,-4.32,-3.85,-3.54,-3.48,-3.24
